-3.14901814977
-0.496290870095
-0.351330390184
-1.39731108476
-0.0360121874366
0.876402019323
0.190601670867
-0.364065579954
0.0222223953022
-1.80200921121
-0.508332738367
2.62789664146
-0.875005592632
-0.593394180368
1.13951185053
-0.206764807581
0.190662672279
-0.162234321378
-0.432278686469
0.570161215055
-1.04846415425
-0.601002942123
-0.664140716589
-3.27507643099
-0.597017829267
-0.463393837374
-3.22088718833
-0.222966069497
-0.529694621472
-1.86173482816
-0.0572040409261
0.0737504927225
-3.66537887636
0.508901485736
-0.267993454552
-0.874374719617
-0.922223604945
-0.334373858513
-0.264329957262
-0.258465214349
-0.179991600683
0.829563989488
-0.929857746043
-0.180385167041
-0.0567029858665
-0.396063438034
-1.51455866852
-0.216384599189
-0.209540121217
-0.355779918987
-0.365637446795
